ssize:   	20  
lambda:    	1.000000 
Jvar:  		0.250000 
HField:   	0.000000 0.000000 0.000000 
Beta:  		2.888000 
dt:       	0.005000 
MCSmp:    	2500  
MCVar:    	0.250000  
T:     		1100.000000 
trel:     	27.500000 
CPU[s]:   	476.049307 
