ssize:   	200  
lambda:    	1.000000 
Jvar:  		0.450000 
HField:   	0.000000 0.000000 0.000000 
Beta:  		2.888000 
dt:       	0.020000 
MCSmp:    	2500  
MCVar:    	0.250000 
T:     		200.000000 
Runs:     	100 
tau:     	1.000000 
trel:     	0.000000 
epsilon:    0.010000 
CPU[s]:   	227.384433 
