ssize:   	500  
lambda:    	1.000000 
Jvar:  		0.001000 
HField:   	0.000000 0.000000 0.000000 
Beta:  		2.888000 
dt:       	0.020000 
MCSmp:    	15000  
MCVar:    	0.250000  
T:     		400.000000 
tau:     	5.000000 
Runs:    	50  
