ssize:   	20  
lambda:    	1.000000 
Jvar:  		0.250000 
HField:   	0.000000 0.000000 0.000000 
Beta:  		2.888000 
dt:       	0.020000 
MCSmp:    	2500  
MCVar:    	0.250000  
T:     		2700.000000 
trel:     	67.500000 
CPU[s]:   	305.567895 
