ssize:   	60  
lambda:    	1.000000 
Jvar:  		0.500000 
Kvar:  		0.500000 
HField:   	0.000000 0.000000 0.000000 
Beta:  		2.888000 
dt:       	0.020000 
MCSmp:    	5000  
MCVar:    	0.250000  
T:     		1000.000000 
trel:     	25.000000 
tau:     	1.000000 
Runs:    	100  
NNN_factor: 4.000000  
CPU[s]:   	212.128844 
