ssize:   	150  
lambda:    	1.000000 
Jvar:  		0.100000 
HField:   	0.000000 0.000000 0.000000 
Beta:  		2.888000 
dt:       	0.020000 
MCSmp:    	5000  
MCVar:    	0.250000  
T:     		200.000000 
trel:     	18.000000 
tau:     	0.900000 
Runs:    	100  
NNN_factor: 4.000000 
CPU[s]:   	337.043416 
