ssize:   	180  
lambda:    	1.000000 
Jvar:  		0.250000 
HField:   	0.000000 0.000000 0.000000 
Beta:  		2.888000 
dt:       	0.020000 
MCSmp:    	5000  
MCVar:    	0.250000  
T:     		200.000000 
trel:     	100.000000 
tau:     	1.200000 
Runs:    	100  
NNN_factor: 4.000000 
CPU[s]:   	433.501498 
