ssize:   	150  
lambda:    	1.000000 
Jvar:  		0.500000 
HField:   	0.000000 0.000000 0.000000 
Beta:  		2.888000 
dt:       	0.020000 
MCSmp:    	5000  
MCVar:    	0.250000  
T:     		4000.000000 
trel:     	100.000000 
tau:     	0.700000 
Runs:    	10  
CPU[s]:   	195.425165 
