ssize:   	400  
lambda:    	1.000000 
Jvar:  		0.000000 
HField:   	0.000000 0.000000 0.000000 
Beta:  		2.880000 
dt:       	0.020000 
MCSmp:    	5000  
MCVar:    	0.250000 
T:     		200.000000 
Runs:     	200 
tau:     	0.500000 
trel:     	0.000000 
epsilon:    0.010000 
CPU[s]:   	989.227090 
