ssize:   	200  
lambda:    	1.000000 
Jvar:  		0.000000 
HField:   	0.000000 0.000000 0.000000 
Beta:  		2.888000 
dt:       	0.020000 
MCSmp:    	2500  
MCVar:    	0.250000 
T:     		100.000000 
Runs:     	100 
tau:     	0.500000 
trel:     	10.000000 
epsilon:    0.001000 
CPU[s]:   	125.060324 
