ssize:   	150  
lambda:    	1.000000 
Jvar:  		0.350000 
HField:   	0.000000 0.000000 0.000000 
Beta:  		2.888000 
dt:       	0.020000 
MCSmp:    	5000  
MCVar:    	0.250000 
T:     		200.000000 
Runs:     	100 
tau:     	1.200000 
trel:     	24.000000 
epsilon:    0.010000 
T_init:     1200.000000 
CPU[s]:   	680.328255 
