ssize:   	750  
lambda:    	1.000000 
Jvar:  		0.050000 
HField:   	0.000000 0.000000 0.000000 
Beta:  		2.888000 
dt:       	0.020000 
MCSmp:    	5000  
MCVar:    	0.250000  
T:     		400.000000 
trel:     	100.000000 
tau:     	2.000000 
Runs:    	100  
NNN_factor: 1.0
CPU[s]:   	5119.953644 
