ssize:   	1000  
lambda:    	1.000000 
Jvar:  		0.050000 
HField:   	0.000000 0.000000 0.000000 
Beta:  		2.888000 
dt:       	0.020000 
MCSmp:    	2500  
MCVar:    	0.250000 
T:     		175.000000 
Runs:     	2000 
tau:     	1.000000 
trel:     	10.000000 
epsilon:    0.010000 
CPU[s]:   	22765.367369 
