ssize:   	20  
lambda:    	1.000000 
Jvar:  		0.050000 
HField:   	0.000000 0.000000 0.000000 
Beta:  		2.888000 
dt:       	0.005000 
MCSmp:    	2500  
MCVar:    	0.250000  
T:     		400.000000 
trel:     	10.000000 
CPU[s]:   	181.028199 
