ssize:   	150  
lambda:    	1.000000 
Jvar:  		0.050000 
HField:   	0.000000 0.000000 0.000000 
Beta:  		2.888000 
dt:       	0.010000 
MCSmp:    	5000  
MCVar:    	0.250000 
T:     		200.000000 
Runs:     	100 
tau:     	0.400000 
trel:     	8.000000 
epsilon:    0.010000 
T_init:     400.000000 
CPU[s]:   	665.398937 
