ssize:   	60  
lambda:    	1.000000 
Jvar:  		0.050000 
HField:   	0.000000 0.000000 0.000000 
Beta:  		2.888000 
dt:       	0.020000 
MCSmp:    	5000  
MCVar:    	0.250000  
T:     		500.000000 
trel:     	12.500000 
tau:     	0.500000 
Runs:    	200  
CPU[s]:   	244.320625 
